374000,83,1,513
node,180,1,1
hold,903,3,1,500
node,1626,1,1
hold,2349,3,1,500
node,3072,1,1
hold,3795,3,1,500
node,4518,1,1
hold,5240,3,1,500
node,5963,1,1
hold,6686,3,1,500
node,7409,1,1
hold,8132,3,1,500
node,8855,1,1
hold,9578,3,1,500
node,10301,1,1
hold,11024,3,1,500
node,11746,1,1
hold,12469,3,1,500
node,13192,1,1
hold,13915,3,1,500
node,14638,1,1
hold,15361,3,1,500
node,16084,1,1
hold,16807,3,1,500
node,17530,1,1
hold,18253,3,1,500
node,18975,1,1
hold,19698,3,1,500
node,20421,1,1
hold,21144,3,1,500
node,21867,1,1
hold,22590,3,1,500
node,23313,1,1
hold,24036,3,1,500
node,24759,1,1
hold,25481,3,1,500
node,26204,1,1
hold,26927,3,1,500
node,27650,1,1
hold,28373,3,1,500
node,29096,1,1
hold,29819,3,1,500
node,30542,1,1
hold,31265,3,1,500
node,31987,1,1
hold,32710,3,1,500
node,33433,1,1
hold,34156,3,1,500
node,34879,1,1
hold,35602,3,1,500
node,36325,1,1
hold,37048,3,1,500
node,37771,1,1
hold,38493,3,1,500
node,39216,1,1
hold,39939,3,1,500
node,40662,1,1
hold,41385,3,1,500
node,42108,1,1
hold,42831,3,1,500
node,43554,1,1
hold,44277,3,1,500
node,45000,1,1
hold,45722,3,1,500
node,46445,1,1
hold,47168,3,1,500
node,47891,1,1
hold,48614,3,1,500
node,49337,1,1
hold,50060,3,1,500
node,50783,1,1
hold,51506,3,1,500
node,52228,1,1
hold,52951,3,1,500
node,53674,1,1
hold,54397,3,1,500
node,55120,1,1
hold,55843,3,1,500
node,56566,1,1
hold,57289,3,1,500
node,58012,1,1
hold,58734,3,1,500
node,59457,1,1
hold,60180,3,1,500
node,60903,1,1
hold,61626,3,1,500
node,62349,1,1
hold,63072,3,1,500
node,63795,1,1
hold,64518,3,1,500
node,65240,1,1
hold,65963,3,1,500
node,66686,1,1
hold,67409,3,1,500
node,68132,1,1
hold,68855,3,1,500
node,69578,1,1
hold,70301,3,1,500
node,71024,1,1
hold,71746,3,1,500
node,72469,1,1
hold,73192,3,1,500
node,73915,1,1
hold,74638,3,1,500
node,75361,1,1
hold,76084,3,1,500
node,76807,1,1
hold,77530,3,1,500
node,78253,1,1
hold,78975,3,1,500
node,79698,1,1
hold,80421,3,1,500
node,81144,1,1
hold,81867,3,1,500
node,82590,1,1
hold,83313,3,1,500
node,84036,1,1
hold,84759,3,1,500
node,85481,1,1
hold,86204,3,1,500
node,86927,1,1
hold,87650,3,1,500
node,88373,1,1
hold,89096,3,1,500
node,89819,1,1
hold,90542,3,1,500
node,91265,1,1
hold,91987,3,1,500
node,92710,1,1
hold,93433,3,1,500
node,94156,1,1
hold,94879,3,1,500
node,95602,1,1
hold,96325,3,1,500
node,97048,1,1
hold,97771,3,1,500
node,98493,1,1
hold,99216,3,1,500
node,99939,1,1
hold,100662,3,1,500
node,101385,1,1
hold,102108,3,1,500
node,102831,1,1
hold,103554,3,1,500
node,104277,1,1
hold,105000,3,1,500
node,105722,1,1
hold,106445,3,1,500
node,107168,1,1
hold,107891,3,1,500
node,108614,1,1
hold,109337,3,1,500
node,110060,1,1
hold,110783,3,1,500
node,111506,1,1
hold,112228,3,1,500
node,112951,1,1
hold,113674,3,1,500
node,114397,1,1
hold,115120,3,1,500
node,115843,1,1
hold,116566,3,1,500
node,117289,1,1
hold,118012,3,1,500
node,118734,1,1
hold,119457,3,1,500
node,120180,1,1
hold,120903,3,1,500
node,121626,1,1
hold,122349,3,1,500
node,123072,1,1
hold,123795,3,1,500
node,124518,1,1
hold,125240,3,1,500
node,125963,1,1
hold,126686,3,1,500
node,127409,1,1
hold,128132,3,1,500
node,128855,1,1
hold,129578,3,1,500
node,130301,1,1
hold,131024,3,1,500
node,131746,1,1
hold,132469,3,1,500
node,133192,1,1
hold,133915,3,1,500
node,134638,1,1
hold,135361,3,1,500
node,136084,1,1
hold,136807,3,1,500
node,137530,1,1
hold,138253,3,1,500
node,138975,1,1
hold,139698,3,1,500
node,140421,1,1
hold,141144,3,1,500
node,141867,1,1
hold,142590,3,1,500
node,143313,1,1
hold,144036,3,1,500
node,144759,1,1
hold,145481,3,1,500
node,146204,1,1
hold,146927,3,1,500
node,147650,1,1
hold,148373,3,1,500
node,149096,1,1
hold,149819,3,1,500
node,150542,1,1
hold,151265,3,1,500
node,151987,1,1
hold,152710,3,1,500
node,153433,1,1
hold,154156,3,1,500
node,154879,1,1
hold,155602,3,1,500
node,156325,1,1
hold,157048,3,1,500
node,157771,1,1
hold,158493,3,1,500
node,159216,1,1
hold,159939,3,1,500
node,160662,1,1
hold,161385,3,1,500
node,162108,1,1
hold,162831,3,1,500
node,163554,1,1
hold,164277,3,1,500
node,165000,1,1
hold,165722,3,1,500
node,166445,1,1
hold,167168,3,1,500
node,167891,1,1
hold,168614,3,1,500
node,169337,1,1
hold,170060,3,1,500
node,170783,1,1
hold,171506,3,1,500
node,172228,1,1
hold,172951,3,1,500
node,173674,1,1
hold,174397,3,1,500
node,175120,1,1
hold,175843,3,1,500
node,176566,1,1
hold,177289,3,1,500
node,178012,1,1
hold,178734,3,1,500
node,179457,1,1
hold,180180,3,1,500
node,180903,1,1
hold,181626,3,1,500
node,182349,1,1
hold,183072,3,1,500
node,183795,1,1
hold,184518,3,1,500
node,185240,1,1
hold,185963,3,1,500
node,186686,1,1
hold,187409,3,1,500
node,188132,1,1
hold,188855,3,1,500
node,189578,1,1
hold,190301,3,1,500
node,191024,1,1
hold,191746,3,1,500
node,192469,1,1
hold,193192,3,1,500
node,193915,1,1
hold,194638,3,1,500
node,195361,1,1
hold,196084,3,1,500
node,196807,1,1
hold,197530,3,1,500
node,198253,1,1
hold,198975,3,1,500
node,199698,1,1
hold,200421,3,1,500
node,201144,1,1
hold,201867,3,1,500
node,202590,1,1
hold,203313,3,1,500
node,204036,1,1
hold,204759,3,1,500
node,205481,1,1
hold,206204,3,1,500
node,206927,1,1
hold,207650,3,1,500
node,208373,1,1
hold,209096,3,1,500
node,209819,1,1
hold,210542,3,1,500
node,211265,1,1
hold,211987,3,1,500
node,212710,1,1
hold,213433,3,1,500
node,214156,1,1
hold,214879,3,1,500
node,215602,1,1
hold,216325,3,1,500
node,217048,1,1
hold,217771,3,1,500
node,218493,1,1
hold,219216,3,1,500
node,219939,1,1
hold,220662,3,1,500
node,221385,1,1
hold,222108,3,1,500
node,222831,1,1
hold,223554,3,1,500
node,224277,1,1
hold,224999,3,1,500
node,225722,1,1
hold,226445,3,1,500
node,227168,1,1
hold,227891,3,1,500
node,228614,1,1
hold,229337,3,1,500
node,230060,1,1
hold,230783,3,1,500
node,231506,1,1
hold,232228,3,1,500
node,232951,1,1
hold,233674,3,1,500
node,234397,1,1
hold,235120,3,1,500
node,235843,1,1
hold,236566,3,1,500
node,237289,1,1
hold,238012,3,1,500
node,238734,1,1
hold,239457,3,1,500
node,240180,1,1
hold,240903,3,1,500
node,241626,1,1
hold,242349,3,1,500
node,243072,1,1
hold,243795,3,1,500
node,244518,1,1
hold,245240,3,1,500
node,245963,1,1
hold,246686,3,1,500
node,247409,1,1
hold,248132,3,1,500
node,248855,1,1
hold,249578,3,1,500
node,250301,1,1
hold,251024,3,1,500
node,251746,1,1
hold,252469,3,1,500
node,253192,1,1
hold,253915,3,1,500
node,254638,1,1
hold,255361,3,1,500
node,256084,1,1
hold,256807,3,1,500
node,257530,1,1
hold,258253,3,1,500
node,258975,1,1
hold,259698,3,1,500
node,260421,1,1
hold,261144,3,1,500
node,261867,1,1
hold,262590,3,1,500
node,263313,1,1
hold,264036,3,1,500
node,264759,1,1
hold,265481,3,1,500
node,266204,1,1
hold,266927,3,1,500
node,267650,1,1
hold,268373,3,1,500
node,269096,1,1
hold,269819,3,1,500
node,270542,1,1
hold,271265,3,1,500
node,271987,1,1
hold,272710,3,1,500
node,273433,1,1
hold,274156,3,1,500
node,274879,1,1
hold,275602,3,1,500
node,276325,1,1
hold,277048,3,1,500
node,277771,1,1
hold,278493,3,1,500
node,279216,1,1
hold,279939,3,1,500
node,280662,1,1
hold,281385,3,1,500
node,282108,1,1
hold,282831,3,1,500
node,283554,1,1
hold,284277,3,1,500
node,285000,1,1
hold,285722,3,1,500
node,286445,1,1
hold,287168,3,1,500
node,287891,1,1
hold,288614,3,1,500
node,289337,1,1
hold,290060,3,1,500
node,290783,1,1
hold,291506,3,1,500
node,292228,1,1
hold,292951,3,1,500
node,293674,1,1
hold,294397,3,1,500
node,295120,1,1
hold,295843,3,1,500
node,296566,1,1
hold,297289,3,1,500
node,298012,1,1
hold,298734,3,1,500
node,299457,1,1
hold,300180,3,1,500
node,300903,1,1
hold,301626,3,1,500
node,302349,1,1
hold,303072,3,1,500
node,303795,1,1
hold,304518,3,1,500
node,305240,1,1
hold,305963,3,1,500
node,306686,1,1
hold,307409,3,1,500
node,308132,1,1
hold,308855,3,1,500
node,309578,1,1
hold,310301,3,1,500
node,311024,1,1
hold,311746,3,1,500
node,312469,1,1
hold,313192,3,1,500
node,313915,1,1
hold,314638,3,1,500
node,315361,1,1
hold,316084,3,1,500
node,316807,1,1
hold,317530,3,1,500
node,318253,1,1
hold,318975,3,1,500
node,319698,1,1
hold,320421,3,1,500
node,321144,1,1
hold,321867,3,1,500
node,322590,1,1
hold,323313,3,1,500
node,324036,1,1
hold,324759,3,1,500
node,325481,1,1
hold,326204,3,1,500
node,326927,1,1
hold,327650,3,1,500
node,328373,1,1
hold,329096,3,1,500
node,329819,1,1
hold,330542,3,1,500
node,331265,1,1
hold,331987,3,1,500
node,332710,1,1
hold,333433,3,1,500
node,334156,1,1
hold,334879,3,1,500
node,335602,1,1
hold,336325,3,1,500
node,337048,1,1
hold,337771,3,1,500
node,338493,1,1
hold,339216,3,1,500
node,339939,1,1
hold,340662,3,1,500
node,341385,1,1
hold,342108,3,1,500
node,342831,1,1
hold,343554,3,1,500
node,344277,1,1
hold,345000,3,1,500
node,345722,1,1
hold,346445,3,1,500
node,347168,1,1
hold,347891,3,1,500
node,348614,1,1
hold,349337,3,1,500
node,350060,1,1
hold,350783,3,1,500
node,351506,1,1
hold,352228,3,1,500
node,352951,1,1
hold,353674,3,1,500
node,354397,1,1
hold,355120,3,1,500
node,355843,1,1
hold,356566,3,1,500
node,357289,1,1
hold,358012,3,1,500
node,358734,1,1
hold,359457,3,1,500
node,360180,1,1
hold,360903,3,1,500
node,361626,1,1
hold,362349,3,1,500
node,363072,1,1
hold,363795,3,1,500
node,364518,1,1
hold,365240,3,1,500
node,365963,1,1
hold,366686,3,1,500
node,367409,1,1
hold,368132,3,1,500
node,368855,1,1
hold,369578,3,1,500
node,370301,1,1
