46500,138,2,91
node,-230,1,1
node,208,1,1
node,646,1,1
hold,1134,3,1,169
hold,1352,4,1,169
node,1550,1,1
node,1958,1,1
node,2396,1,1
node,2834,1,1
node,3034,1,1
node,3234,1,1
node,3672,1,1
node,4110,1,1
hold,4598,3,1,169
hold,4816,4,1,169
node,5014,1,1
node,5422,1,1
node,5860,1,1
node,6298,1,1
node,6498,1,1
node,6698,1,1
node,7136,1,1
node,7574,1,1
hold,8062,3,1,169
hold,8280,4,1,169
node,8478,1,1
node,8886,1,1
node,9324,1,1
node,9762,1,1
node,9962,1,1
node,10162,1,1
node,10600,1,1
node,11038,1,1
hold,11526,3,1,169
hold,11744,4,1,169
node,11942,1,1
node,12350,1,1
node,12788,1,1
node,13196,1,1,BadApple
hold,13645,1,1,338
hold,14521,2,1,338
hold,15397,1,1,338
hold,16273,3,1,169
hold,16711,4,1,169
hold,17139,1,1,338
hold,18015,2,1,338
hold,18891,1,1,338
hold,19767,4,1,169
hold,20205,3,1,169
hold,20633,1,1,338
hold,21509,2,1,338
hold,22385,1,1,338
hold,23261,3,1,169
hold,23699,4,1,169
hold,24127,1,1,338
hold,25003,2,1,338
hold,25879,1,1,338
node,26725,2,1
node,26871,3,1
node,27017,4,1
node,27163,4,1
node,27309,3,1
node,27455,2,1
hold,27551,1,1,338
hold,28427,2,1,338
hold,29303,1,1,338
hold,30169,3,1,169
hold,30607,4,1,169
hold,31045,1,1,338
hold,31921,2,1,338
hold,32797,1,1,338
hold,33663,4,1,169
hold,34101,3,1,169
hold,34539,1,1,338
hold,35415,2,1,338
hold,36291,1,1,338
hold,37157,3,1,169
hold,37595,4,1,169
hold,38033,1,1,338
hold,38909,2,1,338
hold,39785,1,1,338
node,40651,2,1
node,40797,3,1
node,40943,4,1
node,41089,4,1
node,41235,3,1
node,41381,2,1
hold,41467,1,1,338
hold,42343,2,1,169
hold,43219,1,1,338
hold,44095,2,1,169
