101000,140,4,211
hold,-400,1,1,2700
hold,2100,2,1,900
hold,2900,3,1,1600
hold,4400,2,1,900
hold,5200,1,1,900
hold,6100,4,1,2800
hold,8800,3,1,900
hold,9700,2,1,2800
hold,12200,1,1,800
node,12990,4,1
node,14770,1,1
node,15570,2,1
node,16370,3,1
node,18990,1,1
node,19070,2,1
node,19480,3,1
node,19880,4,1
node,21490,1,1
node,22390,2,1
node,23290,3,1
node,24930,1,1
node,25870,2,1
node,26710,4,1
node,28460,1,1
node,29260,2,1
node,30060,3,1
node,32680,1,1
node,32760,2,1
node,33170,3,1
node,33570,4,1
node,35180,1,1
node,36080,2,1
node,36980,3,1
node,38620,1,1
node,39560,2,1
node,39960,3,1
node,40385,1,1
node,40810,1,1
node,41235,2,1
node,41660,2,1
node,42085,1,1
node,42510,1,1
node,42935,2,1
node,43360,2,1
node,43785,1,1
node,44210,1,1
node,44635,2,1
node,45060,2,1
node,45485,1,1
node,45910,1,1
node,46335,2,1
node,46760,2,1
node,47190,1,1
node,47403,2,1
node,47616,1,1
node,47829,2,1
node,48042,1,1
node,48255,2,1
node,48468,1,1
node,48681,2,1
node,48894,1,1
node,49107,2,1
node,49320,1,1
node,49533,2,1
node,49746,1,1
node,49959,2,1
node,50172,1,1
node,50385,2,1
hold,50603,1,1,213
hold,51028,2,1,213
hold,51453,1,1,213
hold,51878,2,1,213
hold,52303,1,1,213
hold,52728,2,1,213
hold,53153,1,1,213
hold,53578,2,1,213
node,54003,1,1
node,54438,1,1
node,54651,2,1
node,54864,1,1
node,55279,1,1
node,55492,2,1
node,55705,1,1
node,55918,2,1
node,56131,1,1
node,56344,2,1
node,56557,1,1
node,56770,2,1
node,56983,1,1
node,57196,2,1
node,57409,1,1
node,57844,1,1
node,58057,2,1
node,58270,1,1
node,58685,1,1
node,58898,2,1
node,59111,1,1
node,59324,2,1
node,59537,1,1
node,59750,2,1
node,59963,1,1
node,60176,2,1
node,60389,1,1
node,60602,2,1
node,60825,1,1
node,61260,1,1
node,61473,2,1
node,61686,1,1
node,62101,1,1
node,62314,2,1
node,62527,1,1
node,62740,2,1
node,62953,1,1
node,63166,2,1
node,63379,1,1
node,63592,2,1
node,63805,1,1
node,64018,2,1
node,64231,1,1
node,64666,1,1
node,64879,2,1
node,65092,1,1
node,65507,1,1
node,65720,2,1
node,65933,1,1
node,66146,2,1
node,66359,1,1
node,66572,2,1
node,66785,1,1
node,66998,2,1
node,67211,1,1
node,67424,2,1
hold,67870,2,1,162
hold,68082,3,1,163
hold,68295,2,1,589
hold,68934,3,1,56
hold,69040,2,1,56
hold,69146,3,1,163
hold,69572,2,1,376
hold,69998,3,1,163
hold,70211,2,1,375
hold,70636,1,1,163
hold,70849,2,1,163
hold,71315,2,1,162
hold,71527,3,1,163
hold,71740,2,1,589
hold,72379,3,1,56
hold,72485,2,1,56
hold,72591,3,1,163
hold,72804,2,1,800
hold,73654,3,1,589
hold,74293,4,1,163
hold,74759,2,1,162
hold,74971,3,1,163
hold,75184,2,1,589
hold,75823,3,1,56
hold,75929,2,1,56
hold,76035,3,1,163
hold,76354,4,1,375
hold,76779,3,1,163
hold,76992,2,1,56
hold,77098,1,1,375
node,77773,2,1
hold,78095,2,1,162
hold,78307,3,1,163
hold,78520,2,1,589
hold,79159,3,1,56
hold,79265,2,1,56
hold,79371,3,1,163
hold,79624,1,1,589
hold,80263,2,1,163
hold,80476,3,1,56
hold,80582,4,1,375
hold,81007,3,1,163
hold,81645,2,1,162
hold,81857,3,1,163
hold,82070,2,1,589
hold,82709,2,1,56
hold,82815,3,1,163
hold,83028,4,1,375
hold,83453,3,1,163
hold,83666,2,1,56
hold,83772,1,1,375
node,84397,2,1
hold,84825,2,1,162
hold,85037,3,1,163
hold,85250,2,1,589
hold,85889,2,1,56
hold,85995,3,1,163
hold,86314,2,1,800
hold,87164,3,1,589
hold,87803,4,1,163
hold,88269,2,1,162
hold,88481,3,1,163
hold,88694,2,1,589
hold,89333,2,1,56
hold,89439,3,1,163
hold,89864,4,1,375
hold,90289,3,1,163
hold,90502,2,1,56
hold,90608,1,1,375
node,91283,2,1
hold,91605,2,1,162
hold,91817,3,1,163
hold,92030,2,1,589
hold,92669,2,1,56
hold,92775,3,1,163
hold,93228,3,1,376
hold,93653,2,1,589
hold,93865,1,1,800
hold,94823,2,1,800
