101000,70,2,100
node,-100,1,1
node,325,1,1
node,750,2,1
node,1175,2,1
node,1600,1,1
node,2025,1,1
node,2450,2,1
node,2875,2,1
node,3300,1,1
node,3725,1,1
node,4150,2,1
node,4575,2,1
node,5000,1,1
node,5425,1,1
node,5850,2,1
node,6275,2,1
node,6700,1,1
node,6912,2,1
node,7124,1,1
node,7336,2,1
node,7548,1,1
node,7760,2,1
node,7972,1,1
node,8184,2,1
node,8396,1,1
node,8608,2,1
node,8820,1,1
node,9032,2,1
node,9244,1,1
node,9456,2,1
node,9668,1,1
node,9880,2,1
hold,10092,1,1,212
hold,10517,2,1,212
hold,10942,1,1,212
hold,11367,2,1,212
hold,11792,1,1,212
hold,12217,2,1,212
hold,12642,1,1,212
hold,13067,2,1,212
