315000,108,1,563
node,138,1,1
hold,694,4,1,500
node,1250,1,1
hold,1805,4,1,500
node,2361,1,1
hold,2916,4,1,500
node,3472,1,1
hold,4027,4,1,500
node,4583,1,1
hold,5138,4,1,500
node,5694,1,1
hold,6250,4,1,500
node,6805,1,1
hold,7361,4,1,500
node,7916,1,1
hold,8472,4,1,500
node,9027,1,1
hold,9583,4,1,500
node,10138,1,1
hold,10694,4,1,500
node,11250,1,1
hold,11805,4,1,500
node,12361,1,1
hold,12916,4,1,500
node,13472,1,1
hold,14027,4,1,500
node,14583,1,1
hold,15138,4,1,500
node,15694,1,1
hold,16250,4,1,500
node,16805,1,1
hold,17361,4,1,500
node,17916,1,1
hold,18472,4,1,500
node,19027,1,1
hold,19583,4,1,500
node,20138,1,1
hold,20694,4,1,500
node,21250,1,1
hold,21805,4,1,500
node,22361,1,1
hold,22916,4,1,500
node,23472,1,1
hold,24027,4,1,500
node,24583,1,1
hold,25138,4,1,500
node,25694,1,1
hold,26250,4,1,500
node,26805,1,1
hold,27361,4,1,500
node,27916,1,1
hold,28472,4,1,500
node,29027,1,1
hold,29583,4,1,500
node,30138,1,1
hold,30694,4,1,500
node,31250,1,1
hold,31805,4,1,500
node,32361,1,1
hold,32916,4,1,500
node,33472,1,1
hold,34027,4,1,500
node,34583,1,1
hold,35138,4,1,500
node,35694,1,1
hold,36250,4,1,500
node,36805,1,1
hold,37361,4,1,500
node,37916,1,1
hold,38472,4,1,500
node,39027,1,1
hold,39583,4,1,500
node,40138,1,1
hold,40694,4,1,500
node,41250,1,1
hold,41805,4,1,500
node,42361,1,1
hold,42916,4,1,500
node,43472,1,1
hold,44027,4,1,500
node,44583,1,1
hold,45138,4,1,500
node,45694,1,1
hold,46250,4,1,500
node,46805,1,1
hold,47361,4,1,500
node,47916,1,1
hold,48472,4,1,500
node,49027,1,1
hold,49583,4,1,500
node,50138,1,1
hold,50694,4,1,500
node,51250,1,1
hold,51805,4,1,500
node,52361,1,1
hold,52916,4,1,500
node,53472,1,1
hold,54027,4,1,500
node,54583,1,1
hold,55138,4,1,500
node,55694,1,1
hold,56250,4,1,500
node,56805,1,1
hold,57361,4,1,500
node,57916,1,1
hold,58472,4,1,500
node,59027,1,1
hold,59583,4,1,500
node,60138,1,1
hold,60694,4,1,500
node,61250,1,1
hold,61805,4,1,500
node,62361,1,1
hold,62916,4,1,500
node,63472,1,1
hold,64027,4,1,500
node,64583,1,1
hold,65138,4,1,500
node,65694,1,1
hold,66250,4,1,500
node,66805,1,1
hold,67361,4,1,500
node,67916,1,1
hold,68472,4,1,500
node,69027,1,1
hold,69583,4,1,500
node,70138,1,1
hold,70694,4,1,500
node,71250,1,1
hold,71805,4,1,500
node,72361,1,1
hold,72916,4,1,500
node,73472,1,1
hold,74027,4,1,500
node,74583,1,1
hold,75138,4,1,500
node,75694,1,1
hold,76250,4,1,500
node,76805,1,1
hold,77361,4,1,500
node,77916,1,1
hold,78472,4,1,500
node,79027,1,1
hold,79583,4,1,500
node,80138,1,1
hold,80694,4,1,500
node,81250,1,1
hold,81805,4,1,500
node,82361,1,1
hold,82916,4,1,500
node,83472,1,1
hold,84027,4,1,500
node,84583,1,1
hold,85138,4,1,500
node,85694,1,1
hold,86250,4,1,500
node,86805,1,1
hold,87361,4,1,500
node,87916,1,1
hold,88472,4,1,500
node,89027,1,1
hold,89583,4,1,500
node,90138,1,1
hold,90694,4,1,500
node,91250,1,1
hold,91805,4,1,500
node,92361,1,1
hold,92916,4,1,500
node,93472,1,1
hold,94027,4,1,500
node,94583,1,1
hold,95138,4,1,500
node,95694,1,1
hold,96250,4,1,500
node,96805,1,1
hold,97361,4,1,500
node,97916,1,1
hold,98472,4,1,500
node,99027,1,1
hold,99583,4,1,500
node,100138,1,1
hold,100694,4,1,500
node,101250,1,1
hold,101805,4,1,500
node,102361,1,1
hold,102916,4,1,500
node,103472,1,1
hold,104027,4,1,500
node,104583,1,1
hold,105138,4,1,500
node,105694,1,1
hold,106250,4,1,500
node,106805,1,1
hold,107361,4,1,500
node,107916,1,1
hold,108472,4,1,500
node,109027,1,1
hold,109583,4,1,500
node,110138,1,1
hold,110694,4,1,500
node,111250,1,1
hold,111805,4,1,500
node,112361,1,1
hold,112916,4,1,500
node,113472,1,1
hold,114027,4,1,500
node,114583,1,1
hold,115138,4,1,500
node,115694,1,1
hold,116250,4,1,500
node,116805,1,1
hold,117361,4,1,500
node,117916,1,1
hold,118472,4,1,500
node,119027,1,1
hold,119583,4,1,500
node,120138,1,1
hold,120694,4,1,500
node,121250,1,1
hold,121805,4,1,500
node,122361,1,1
hold,122916,4,1,500
node,123472,1,1
hold,124027,4,1,500
node,124583,1,1
hold,125138,4,1,500
node,125694,1,1
hold,126250,4,1,500
node,126805,1,1
hold,127361,4,1,500
node,127916,1,1
hold,128472,4,1,500
node,129027,1,1
hold,129583,4,1,500
node,130138,1,1
hold,130694,4,1,500
node,131250,1,1
hold,131805,4,1,500
node,132361,1,1
hold,132916,4,1,500
node,133472,1,1
hold,134027,4,1,500
node,134583,1,1
hold,135138,4,1,500
node,135694,1,1
hold,136250,4,1,500
node,136805,1,1
hold,137361,4,1,500
node,137916,1,1
hold,138472,4,1,500
node,139027,1,1
hold,139583,4,1,500
node,140138,1,1
hold,140694,4,1,500
node,141250,1,1
hold,141805,4,1,500
node,142361,1,1
hold,142916,4,1,500
node,143472,1,1
hold,144027,4,1,500
node,144583,1,1
hold,145138,4,1,500
node,145694,1,1
hold,146250,4,1,500
node,146805,1,1
hold,147361,4,1,500
node,147916,1,1
hold,148472,4,1,500
node,149027,1,1
hold,149583,4,1,500
node,150138,1,1
hold,150694,4,1,500
node,151250,1,1
hold,151805,4,1,500
node,152361,1,1
hold,152916,4,1,500
node,153472,1,1
hold,154027,4,1,500
node,154583,1,1
hold,155138,4,1,500
node,155694,1,1
hold,156250,4,1,500
node,156805,1,1
hold,157361,4,1,500
node,157916,1,1
hold,158472,4,1,500
node,159027,1,1
hold,159583,4,1,500
node,160138,1,1
hold,160694,4,1,500
node,161250,1,1
hold,161805,4,1,500
node,162361,1,1
hold,162916,4,1,500
node,163472,1,1
hold,164027,4,1,500
node,164583,1,1
hold,165138,4,1,500
node,165694,1,1
hold,166250,4,1,500
node,166805,1,1
hold,167361,4,1,500
node,167916,1,1
hold,168472,4,1,500
node,169027,1,1
hold,169583,4,1,500
node,170138,1,1
hold,170694,4,1,500
node,171250,1,1
hold,171805,4,1,500
node,172361,1,1
hold,172916,4,1,500
node,173472,1,1
hold,174027,4,1,500
node,174583,1,1
hold,175138,4,1,500
node,175694,1,1
hold,176250,4,1,500
node,176805,1,1
hold,177361,4,1,500
node,177916,1,1
hold,178472,4,1,500
node,179027,1,1
hold,179583,4,1,500
node,180138,1,1
hold,180694,4,1,500
node,181250,1,1
hold,181805,4,1,500
node,182361,1,1
hold,182916,4,1,500
node,183472,1,1
hold,184027,4,1,500
node,184583,1,1
hold,185138,4,1,500
node,185694,1,1
hold,186250,4,1,500
node,186805,1,1
hold,187361,4,1,500
node,187916,1,1
hold,188472,4,1,500
node,189027,1,1
hold,189583,4,1,500
node,190138,1,1
hold,190694,4,1,500
node,191250,1,1
hold,191805,4,1,500
node,192361,1,1
hold,192916,4,1,500
node,193472,1,1
hold,194027,4,1,500
node,194583,1,1
hold,195138,4,1,500
node,195694,1,1
hold,196250,4,1,500
node,196805,1,1
hold,197361,4,1,500
node,197916,1,1
hold,198472,4,1,500
node,199027,1,1
hold,199583,4,1,500
node,200138,1,1
hold,200694,4,1,500
node,201250,1,1
hold,201805,4,1,500
node,202361,1,1
hold,202916,4,1,500
node,203472,1,1
hold,204027,4,1,500
node,204583,1,1
hold,205138,4,1,500
node,205694,1,1
hold,206250,4,1,500
node,206805,1,1
hold,207361,4,1,500
node,207916,1,1
hold,208472,4,1,500
node,209027,1,1
hold,209583,4,1,500
node,210138,1,1
hold,210694,4,1,500
node,211250,1,1
hold,211805,4,1,500
node,212361,1,1
hold,212916,4,1,500
node,213472,1,1
hold,214027,4,1,500
node,214583,1,1
hold,215138,4,1,500
node,215694,1,1
hold,216250,4,1,500
node,216805,1,1
hold,217361,4,1,500
node,217916,1,1
hold,218472,4,1,500
node,219027,1,1
hold,219583,4,1,500
node,220138,1,1
hold,220694,4,1,500
node,221250,1,1
hold,221805,4,1,500
node,222361,1,1
hold,222916,4,1,500
node,223472,1,1
hold,224027,4,1,500
node,224583,1,1
hold,225138,4,1,500
node,225694,1,1
hold,226250,4,1,500
node,226805,1,1
hold,227361,4,1,500
node,227916,1,1
hold,228472,4,1,500
node,229027,1,1
hold,229583,4,1,500
node,230138,1,1
hold,230694,4,1,500
node,231250,1,1
hold,231805,4,1,500
node,232361,1,1
hold,232916,4,1,500
node,233472,1,1
hold,234027,4,1,500
node,234583,1,1
hold,235138,4,1,500
node,235694,1,1
hold,236250,4,1,500
node,236805,1,1
hold,237361,4,1,500
node,237916,1,1
hold,238472,4,1,500
node,239027,1,1
hold,239583,4,1,500
node,240138,1,1
hold,240694,4,1,500
node,241250,1,1
hold,241805,4,1,500
node,242361,1,1
hold,242916,4,1,500
node,243472,1,1
hold,244027,4,1,500
node,244583,1,1
hold,245138,4,1,500
node,245694,1,1
hold,246250,4,1,500
node,246805,1,1
hold,247361,4,1,500
node,247916,1,1
hold,248472,4,1,500
node,249027,1,1
hold,249583,4,1,500
node,250138,1,1
hold,250694,4,1,500
node,251250,1,1
hold,251805,4,1,500
node,252361,1,1
hold,252916,4,1,500
node,253472,1,1
hold,254027,4,1,500
node,254583,1,1
hold,255138,4,1,500
node,255694,1,1
hold,256250,4,1,500
node,256805,1,1
hold,257361,4,1,500
node,257916,1,1
hold,258472,4,1,500
node,259027,1,1
hold,259583,4,1,500
node,260138,1,1
hold,260694,4,1,500
node,261250,1,1
hold,261805,4,1,500
node,262361,1,1
hold,262916,4,1,500
node,263472,1,1
hold,264027,4,1,500
node,264583,1,1
hold,265138,4,1,500
node,265694,1,1
hold,266250,4,1,500
node,266805,1,1
hold,267361,4,1,500
node,267916,1,1
hold,268472,4,1,500
node,269027,1,1
hold,269583,4,1,500
node,270138,1,1
hold,270694,4,1,500
node,271250,1,1
hold,271805,4,1,500
node,272361,1,1
hold,272916,4,1,500
node,273472,1,1
hold,274027,4,1,500
node,274583,1,1
hold,275138,4,1,500
node,275694,1,1
hold,276250,4,1,500
node,276805,1,1
hold,277361,4,1,500
node,277916,1,1
hold,278472,4,1,500
node,279027,1,1
hold,279583,4,1,500
node,280138,1,1
hold,280694,4,1,500
node,281250,1,1
hold,281805,4,1,500
node,282361,1,1
hold,282916,4,1,500
node,283472,1,1
hold,284027,4,1,500
node,284583,1,1
hold,285138,4,1,500
node,285694,1,1
hold,286250,4,1,500
node,286805,1,1
hold,287361,4,1,500
node,287916,1,1
hold,288472,4,1,500
node,289027,1,1
hold,289583,4,1,500
node,290138,1,1
hold,290694,4,1,500
node,291250,1,1
hold,291805,4,1,500
node,292361,1,1
hold,292916,4,1,500
node,293472,1,1
hold,294027,4,1,500
node,294583,1,1
hold,295138,4,1,500
node,295694,1,1
hold,296250,4,1,500
node,296805,1,1
hold,297361,4,1,500
node,297916,1,1
hold,298472,4,1,500
node,299027,1,1
hold,299583,4,1,500
node,300138,1,1
hold,300694,4,1,500
node,301250,1,1
hold,301805,4,1,500
node,302361,1,1
hold,302916,4,1,500
node,303472,1,1
hold,304027,4,1,500
node,304583,1,1
hold,305138,4,1,500
node,305694,1,1
hold,306250,4,1,500
node,306805,1,1
hold,307361,4,1,500
node,307916,1,1
hold,308472,4,1,500
node,309027,1,1
hold,309583,4,1,500
node,310138,1,1
hold,310694,4,1,500
node,311250,1,1
hold,311805,4,1,500
node,312361,1,1
