104200,168,4,100
hold,60,1,1,354
node,414,2,1
node,525,3,1
node,801,1,1
node,967,2,1
node,1144,3,1
hold,1542,1,1,266
node,1852,2,1
node,2007,3,1
hold,2272,1,1,266
node,2582,2,1
node,2737,3,1
node,3290,1,1
node,3998,1,1
node,4706,1,1
node,5392,4,1
hold,5768,1,1,177
hold,6123,3,1,177
hold,6478,1,1,177
hold,6833,3,1,177
hold,7188,1,1,177
hold,7543,3,1,177
hold,7898,3,1,177
hold,8253,1,1,177
hold,8608,1,1,177
hold,8963,3,1,177
hold,9318,1,1,177
hold,9673,3,1,177
hold,10028,1,1,177
hold,10383,3,1,177
hold,10738,3,1,177
hold,11093,4,1,88
