104200,168,4,100
hold,-380,1,1,176
hold,-27,3,1,176
hold,326,1,1,176
hold,679,3,1,176
hold,1032,1,1,176
hold,1385,3,1,176
hold,1738,3,1,176
hold,2091,1,1,176
hold,2444,1,1,176
hold,2797,3,1,176
hold,3150,1,1,176
hold,3503,3,1,176
hold,3856,1,1,176
hold,4209,3,1,176
hold,4562,3,1,176
node,4959,4,1
hold,5268,1,1,176
hold,5621,3,1,176
hold,5974,1,1,176
hold,6327,3,1,176
hold,6680,1,1,176
hold,7033,3,1,176
hold,7386,3,1,176
hold,7739,1,1,176
hold,8092,1,1,176
hold,8445,3,1,176
hold,8798,1,1,176
hold,9151,3,1,176
hold,9504,1,1,176
hold,9857,3,1,176
node,10236,1,1
node,10432,3,1
node,10608,1,1
node,10804,3,1
