104200,224,4,124
node,-30,1,1
node,370,2,1
node,583,3,1
node,928,1,1
node,1247,2,1
node,1434,1,1
node,1807,2,1
hold,2073,3,1,400
node,2818,1,1
node,3218,2,1
node,3431,3,1
node,3776,1,1
node,4095,2,1
node,4282,1,1
node,4655,2,1
node,4987,3,1
node,5332,1,1
node,5666,1,1
node,6066,2,1
node,6279,3,1
node,6624,1,1
node,6943,2,1
node,7130,1,1
node,7503,2,1
hold,7769,3,1,400
node,8514,1,1
node,8914,2,1
node,9127,3,1
node,9472,1,1
node,9791,2,1
node,9978,1,1
node,10351,2,1
node,10683,3,1
node,11028,1,1
hold,11362,1,1,178
hold,11719,3,1,178
hold,12076,1,1,178
hold,12433,3,1,178
hold,12790,1,1,178
hold,13147,3,1,178
hold,13504,3,1,178
hold,13861,1,1,178
hold,14218,1,1,178
hold,14575,3,1,178
hold,14932,1,1,178
hold,15289,3,1,178
hold,15646,1,1,178
hold,16003,3,1,178
hold,16360,3,1,178
node,16735,4,1
hold,17059,1,1,178
hold,17416,3,1,178
hold,17773,1,1,178
hold,18130,3,1,178
hold,18487,1,1,178
hold,18844,3,1,178
hold,19201,3,1,178
hold,19558,1,1,178
hold,19915,1,1,178
hold,20272,3,1,178
hold,20629,1,1,178
hold,20986,3,1,178
hold,21343,1,1,178
hold,21700,3,1,178
node,22083,1,1
node,22283,3,1
node,22461,1,1
node,22661,3,1
hold,22817,1,1,357
node,23174,2,1
node,23286,3,1
node,23564,1,1
node,23731,2,1
node,23909,3,1
hold,24310,1,1,268
node,24623,2,1
node,24779,3,1
hold,25046,1,1,268
node,25359,2,1
node,25515,3,1
node,26072,1,1
node,26786,1,1
node,27500,1,1
node,28192,4,1
hold,28571,1,1,178
hold,28929,3,1,178
hold,29287,1,1,178
hold,29645,3,1,178
hold,30003,1,1,178
hold,30361,3,1,178
hold,30719,3,1,178
hold,31077,1,1,178
hold,31435,1,1,178
hold,31793,3,1,178
hold,32151,1,1,178
hold,32509,3,1,178
hold,32867,1,1,178
hold,33225,3,1,178
hold,33583,3,1,178
hold,33941,4,1,89
hold,34277,1,1,178
node,34590,3,1
node,34858,3,1
hold,35662,1,1,178
node,35975,3,1
node,36243,3,1
node,37047,3,1
node,37449,1,1
node,38454,1,1
node,38856,3,1
hold,39995,1,1,178
node,40308,3,1
node,40576,3,1
hold,41380,1,1,178
node,41693,3,1
node,41961,3,1
node,42765,3,1
node,43167,1,1
node,44172,1,1
node,44574,3,1
node,45579,4,1
node,47003,4,1
node,48427,4,1
node,50197,4,1
node,50543,4,1
node,50889,4,1
node,51235,4,1
node,51927,4,1
node,52619,4,1
node,53311,4,1
node,53657,4,1
node,54003,4,1
node,54349,4,1
node,54695,4,1
node,55041,4,1
node,55041,4,1
node,55214,4,1
node,55387,4,1
node,55560,4,1
node,55733,4,1
node,55906,4,1
node,56079,2,1
node,56165,3,1
node,56251,2,1
node,56337,3,1
node,56423,2,1
node,56509,3,1
node,56595,2,1
node,56681,3,1
node,56767,1,1
node,57167,2,1
node,57380,3,1
node,57725,1,1
node,58044,2,1
node,58231,1,1
node,58604,2,1
hold,58870,3,1,400
node,59615,1,1
node,60015,2,1
node,60228,3,1
node,60573,1,1
node,60892,2,1
node,61079,1,1
node,61452,2,1
node,61784,3,1
node,62129,1,1
node,62463,1,1
node,62863,2,1
node,63076,3,1
node,63421,1,1
node,63740,2,1
node,63927,1,1
node,64300,2,1
hold,64566,3,1,400
node,65311,1,1
node,65711,2,1
node,65924,3,1
node,66269,1,1
node,66588,2,1
node,66775,1,1
node,67148,2,1
node,67480,3,1
node,67825,1,1
node,68159,1,1
node,68559,2,1
node,68772,3,1
node,69117,1,1
node,69436,2,1
node,69623,1,1
node,69996,2,1
hold,70262,3,1,400
node,71007,1,1
node,71407,2,1
node,71620,3,1
node,71965,1,1
node,72284,2,1
node,72471,1,1
node,72844,2,1
node,73176,3,1
node,73521,1,1
node,73855,1,1
node,74255,2,1
node,74468,3,1
node,74813,1,1
node,75132,2,1
node,75319,1,1
node,75692,2,1
hold,75958,3,1,400
node,76703,1,1
node,77103,2,1
node,77316,3,1
node,77661,1,1
node,77980,2,1
node,78167,1,1
node,78540,2,1
node,78872,3,1
node,79217,1,1
