67000,250,0,275
node,60,2,1
hold,300,4,1,500
node,540,2,1
hold,780,4,1,500
node,1020,2,1
hold,1260,4,1,500
node,1500,2,1
hold,1740,4,1,500
node,1980,2,1
hold,2220,4,1,500
node,2460,2,1
hold,2700,4,1,500
node,2940,2,1
hold,3180,4,1,500
node,3420,2,1
hold,3660,4,1,500
node,3900,2,1
hold,4140,4,1,500
node,4380,2,1
hold,4620,4,1,500
node,4860,2,1
hold,5100,4,1,500
node,5340,2,1
hold,5580,4,1,500
node,5820,2,1
hold,6060,4,1,500
node,6300,2,1
hold,6540,4,1,500
node,6780,2,1
hold,7020,4,1,500
node,7260,2,1
hold,7500,4,1,500
node,7740,2,1
hold,7980,4,1,500
node,8220,2,1
hold,8460,4,1,500
node,8700,2,1
hold,8940,4,1,500
node,9180,2,1
hold,9420,4,1,500
node,9660,2,1
hold,9900,4,1,500
node,10140,2,1
hold,10380,4,1,500
node,10620,2,1
hold,10860,4,1,500
node,11100,2,1
hold,11340,4,1,500
node,11580,2,1
hold,11820,4,1,500
node,12060,2,1
hold,12300,4,1,500
node,12540,2,1
hold,12780,4,1,500
node,13020,2,1
hold,13260,4,1,500
node,13500,2,1
hold,13740,4,1,500
node,13980,2,1
hold,14220,4,1,500
node,14460,2,1
hold,14700,4,1,500
node,14940,2,1
hold,15180,4,1,500
node,15420,2,1
hold,15660,4,1,500
node,15900,2,1
hold,16140,4,1,500
node,16380,2,1
hold,16620,4,1,500
node,16860,2,1
hold,17100,4,1,500
node,17340,2,1
hold,17580,4,1,500
node,17820,2,1
hold,18060,4,1,500
node,18300,2,1
hold,18540,4,1,500
node,18780,2,1
hold,19020,4,1,500
node,19260,2,1
hold,19500,4,1,500
node,19740,2,1
hold,19980,4,1,500
node,20220,2,1
hold,20460,4,1,500
node,20700,2,1
hold,20940,4,1,500
node,21180,2,1
hold,21420,4,1,500
node,21660,2,1
hold,21900,4,1,500
node,22140,2,1
hold,22380,4,1,500
node,22620,2,1
hold,22860,4,1,500
node,23100,2,1
hold,23340,4,1,500
node,23580,2,1
hold,23820,4,1,500
node,24060,2,1
hold,24300,4,1,500
node,24540,2,1
hold,24780,4,1,500
node,25020,2,1
hold,25260,4,1,500
node,25500,2,1
hold,25740,4,1,500
node,25980,2,1
hold,26220,4,1,500
node,26460,2,1
hold,26700,4,1,500
node,26940,2,1
hold,27180,4,1,500
node,27420,2,1
hold,27660,4,1,500
node,27900,2,1
hold,28140,4,1,500
node,28380,2,1
hold,28620,4,1,500
node,28860,2,1
hold,29100,4,1,500
node,29340,2,1
hold,29580,4,1,500
node,29820,2,1
hold,30060,4,1,500
node,30300,2,1
hold,30540,4,1,500
node,30780,2,1
hold,31020,4,1,500
node,31260,2,1
hold,31500,4,1,500
node,31740,2,1
hold,31980,4,1,500
node,32220,2,1
hold,32460,4,1,500
node,32700,2,1
hold,32940,4,1,500
node,33180,2,1
hold,33420,4,1,500
node,33660,2,1
hold,33900,4,1,500
node,34140,2,1
hold,34380,4,1,500
node,34620,2,1
hold,34860,4,1,500
node,35100,2,1
hold,35340,4,1,500
node,35580,2,1
hold,35820,4,1,500
node,36060,2,1
hold,36300,4,1,500
node,36540,2,1
hold,36780,4,1,500
node,37020,2,1
hold,37260,4,1,500
node,37500,2,1
hold,37740,4,1,500
node,37980,2,1
hold,38220,4,1,500
node,38460,2,1
hold,38700,4,1,500
node,38940,2,1
hold,39180,4,1,500
node,39420,2,1
hold,39660,4,1,500
node,39900,2,1
hold,40140,4,1,500
node,40380,2,1
hold,40620,4,1,500
node,40860,2,1
hold,41100,4,1,500
node,41340,2,1
hold,41580,4,1,500
node,41820,2,1
hold,42060,4,1,500
node,42300,2,1
hold,42540,4,1,500
node,42780,2,1
hold,43020,4,1,500
node,43260,2,1
hold,43500,4,1,500
node,43740,2,1
hold,43980,4,1,500
node,44220,2,1
hold,44460,4,1,500
node,44700,2,1
hold,44940,4,1,500
node,45180,2,1
hold,45420,4,1,500
node,45660,2,1
hold,45900,4,1,500
node,46140,2,1
hold,46380,4,1,500
node,46620,2,1
hold,46860,4,1,500
node,47100,2,1
hold,47340,4,1,500
node,47580,2,1
hold,47820,4,1,500
node,48060,2,1
hold,48300,4,1,500
node,48540,2,1
hold,48780,4,1,500
node,49020,2,1
hold,49260,4,1,500
node,49500,2,1
hold,49740,4,1,500
node,49980,2,1
hold,50220,4,1,500
node,50460,2,1
hold,50700,4,1,500
node,50940,2,1
hold,51180,4,1,500
node,51420,2,1
hold,51660,4,1,500
node,51900,2,1
hold,52140,4,1,500
node,52380,2,1
hold,52620,4,1,500
node,52860,2,1
hold,53100,4,1,500
node,53340,2,1
hold,53580,4,1,500
node,53820,2,1
hold,54060,4,1,500
node,54300,2,1
hold,54540,4,1,500
node,54780,2,1
hold,55020,4,1,500
node,55260,2,1
hold,55500,4,1,500
node,55740,2,1
hold,55980,4,1,500
node,56220,2,1
hold,56460,4,1,500
node,56700,2,1
hold,56940,4,1,500
node,57180,2,1
hold,57420,4,1,500
node,57660,2,1
hold,57900,4,1,500
node,58140,2,1
hold,58380,4,1,500
node,58620,2,1
hold,58860,4,1,500
node,59100,2,1
hold,59340,4,1,500
node,59580,2,1
hold,59820,4,1,500
node,60060,2,1
hold,60300,4,1,500
node,60540,2,1
hold,60780,4,1,500
node,61020,2,1
hold,61260,4,1,500
node,61500,2,1
hold,61740,4,1,500
node,61980,2,1
hold,62220,4,1,500
node,62460,2,1
hold,62700,4,1,500
node,62940,2,1
hold,63180,4,1,500
node,63420,2,1
hold,63660,4,1,500
node,63900,2,1
hold,64140,4,1,500
node,64380,2,1
hold,64620,4,1,500
node,64860,2,1
hold,65100,4,1,500
node,65340,2,1
hold,65580,4,1,500
node,65820,2,1
