118600,246,0,448
node,60,1,1
hold,304,2,1,500
node,548,1,1
hold,792,2,1,500
node,1036,1,1
hold,1280,2,1,500
node,1524,1,1
hold,1768,2,1,500
node,2012,1,1
hold,2256,2,1,500
node,2500,1,1
hold,2743,2,1,500
node,2987,1,1
hold,3231,2,1,500
node,3475,1,1
hold,3719,2,1,500
node,3963,1,1
hold,4207,2,1,500
node,4451,1,1
hold,4695,2,1,500
node,4939,1,1
hold,5182,2,1,500
node,5426,1,1
hold,5670,2,1,500
node,5914,1,1
hold,6158,2,1,500
node,6402,1,1
hold,6646,2,1,500
node,6890,1,1
hold,7134,2,1,500
node,7378,1,1
hold,7621,2,1,500
node,7865,1,1
hold,8109,2,1,500
node,8353,1,1
hold,8597,2,1,500
node,8841,1,1
hold,9085,2,1,500
node,9329,1,1
hold,9573,2,1,500
node,9817,1,1
hold,10060,2,1,500
node,10304,1,1
hold,10548,2,1,500
node,10792,1,1
hold,11036,2,1,500
node,11280,1,1
hold,11524,2,1,500
node,11768,1,1
hold,12012,2,1,500
node,12256,1,1
hold,12500,2,1,500
node,12743,1,1
hold,12987,2,1,500
node,13231,1,1
hold,13475,2,1,500
node,13719,1,1
hold,13963,2,1,500
node,14207,1,1
hold,14451,2,1,500
node,14695,1,1
hold,14939,2,1,500
node,15182,1,1
hold,15426,2,1,500
node,15670,1,1
hold,15914,2,1,500
node,16158,1,1
hold,16402,2,1,500
node,16646,1,1
hold,16890,2,1,500
node,17134,1,1
hold,17378,2,1,500
node,17621,1,1
hold,17865,2,1,500
node,18109,1,1
hold,18353,2,1,500
node,18597,1,1
hold,18841,2,1,500
node,19085,1,1
hold,19329,2,1,500
node,19573,1,1
hold,19817,2,1,500
node,20060,1,1
hold,20304,2,1,500
node,20548,1,1
hold,20792,2,1,500
node,21036,1,1
hold,21280,2,1,500
node,21524,1,1
hold,21768,2,1,500
node,22012,1,1
hold,22256,2,1,500
node,22500,1,1
hold,22743,2,1,500
node,22987,1,1
hold,23231,2,1,500
node,23475,1,1
hold,23719,2,1,500
node,23963,1,1
hold,24207,2,1,500
node,24451,1,1
hold,24695,2,1,500
node,24939,1,1
hold,25182,2,1,500
node,25426,1,1
hold,25670,2,1,500
node,25914,1,1
hold,26158,2,1,500
node,26402,1,1
hold,26646,2,1,500
node,26890,1,1
hold,27134,2,1,500
node,27378,1,1
hold,27621,2,1,500
node,27865,1,1
hold,28109,2,1,500
node,28353,1,1
hold,28597,2,1,500
node,28841,1,1
hold,29085,2,1,500
node,29329,1,1
hold,29573,2,1,500
node,29817,1,1
hold,30060,2,1,500
node,30304,1,1
hold,30548,2,1,500
node,30792,1,1
hold,31036,2,1,500
node,31280,1,1
hold,31524,2,1,500
node,31768,1,1
hold,32012,2,1,500
node,32256,1,1
hold,32500,2,1,500
node,32743,1,1
hold,32987,2,1,500
node,33231,1,1
hold,33475,2,1,500
node,33719,1,1
hold,33963,2,1,500
node,34207,1,1
hold,34451,2,1,500
node,34695,1,1
hold,34939,2,1,500
node,35182,1,1
hold,35426,2,1,500
node,35670,1,1
hold,35914,2,1,500
node,36158,1,1
hold,36402,2,1,500
node,36646,1,1
hold,36890,2,1,500
node,37134,1,1
hold,37378,2,1,500
node,37621,1,1
hold,37865,2,1,500
node,38109,1,1
hold,38353,2,1,500
node,38597,1,1
hold,38841,2,1,500
node,39085,1,1
hold,39329,2,1,500
node,39573,1,1
hold,39817,2,1,500
node,40060,1,1
hold,40304,2,1,500
node,40548,1,1
hold,40792,2,1,500
node,41036,1,1
hold,41280,2,1,500
node,41524,1,1
hold,41768,2,1,500
node,42012,1,1
hold,42256,2,1,500
node,42500,1,1
hold,42743,2,1,500
node,42987,1,1
hold,43231,2,1,500
node,43475,1,1
hold,43719,2,1,500
node,43963,1,1
hold,44207,2,1,500
node,44451,1,1
hold,44695,2,1,500
node,44939,1,1
hold,45182,2,1,500
node,45426,1,1
hold,45670,2,1,500
node,45914,1,1
hold,46158,2,1,500
node,46402,1,1
hold,46646,2,1,500
node,46890,1,1
hold,47134,2,1,500
node,47378,1,1
hold,47621,2,1,500
node,47865,1,1
hold,48109,2,1,500
node,48353,1,1
hold,48597,2,1,500
node,48841,1,1
hold,49085,2,1,500
node,49329,1,1
hold,49573,2,1,500
node,49817,1,1
hold,50060,2,1,500
node,50304,1,1
hold,50548,2,1,500
node,50792,1,1
hold,51036,2,1,500
node,51280,1,1
hold,51524,2,1,500
node,51768,1,1
hold,52012,2,1,500
node,52256,1,1
hold,52500,2,1,500
node,52743,1,1
hold,52987,2,1,500
node,53231,1,1
hold,53475,2,1,500
node,53719,1,1
hold,53963,2,1,500
node,54207,1,1
hold,54451,2,1,500
node,54695,1,1
hold,54939,2,1,500
node,55182,1,1
hold,55426,2,1,500
node,55670,1,1
hold,55914,2,1,500
node,56158,1,1
hold,56402,2,1,500
node,56646,1,1
hold,56890,2,1,500
node,57134,1,1
hold,57378,2,1,500
node,57621,1,1
hold,57865,2,1,500
node,58109,1,1
hold,58353,2,1,500
node,58597,1,1
hold,58841,2,1,500
node,59085,1,1
hold,59329,2,1,500
node,59573,1,1
hold,59817,2,1,500
node,60060,1,1
hold,60304,2,1,500
node,60548,1,1
hold,60792,2,1,500
node,61036,1,1
hold,61280,2,1,500
node,61524,1,1
hold,61768,2,1,500
node,62012,1,1
hold,62256,2,1,500
node,62500,1,1
hold,62743,2,1,500
node,62987,1,1
hold,63231,2,1,500
node,63475,1,1
hold,63719,2,1,500
node,63963,1,1
hold,64207,2,1,500
node,64451,1,1
hold,64695,2,1,500
node,64939,1,1
hold,65182,2,1,500
node,65426,1,1
hold,65670,2,1,500
node,65914,1,1
hold,66158,2,1,500
node,66402,1,1
hold,66646,2,1,500
node,66890,1,1
hold,67134,2,1,500
node,67378,1,1
hold,67621,2,1,500
node,67865,1,1
hold,68109,2,1,500
node,68353,1,1
hold,68597,2,1,500
node,68841,1,1
hold,69085,2,1,500
node,69329,1,1
hold,69573,2,1,500
node,69817,1,1
hold,70060,2,1,500
node,70304,1,1
hold,70548,2,1,500
node,70792,1,1
hold,71036,2,1,500
node,71280,1,1
hold,71524,2,1,500
node,71768,1,1
hold,72012,2,1,500
node,72256,1,1
hold,72500,2,1,500
node,72743,1,1
hold,72987,2,1,500
node,73231,1,1
hold,73475,2,1,500
node,73719,1,1
hold,73963,2,1,500
node,74207,1,1
hold,74451,2,1,500
node,74695,1,1
hold,74939,2,1,500
node,75182,1,1
hold,75426,2,1,500
node,75670,1,1
hold,75914,2,1,500
node,76158,1,1
hold,76402,2,1,500
node,76646,1,1
hold,76890,2,1,500
node,77134,1,1
hold,77378,2,1,500
node,77621,1,1
hold,77865,2,1,500
node,78109,1,1
hold,78353,2,1,500
node,78597,1,1
hold,78841,2,1,500
node,79085,1,1
hold,79329,2,1,500
node,79573,1,1
hold,79817,2,1,500
node,80060,1,1
hold,80304,2,1,500
node,80548,1,1
hold,80792,2,1,500
node,81036,1,1
hold,81280,2,1,500
node,81524,1,1
hold,81768,2,1,500
node,82012,1,1
hold,82256,2,1,500
node,82500,1,1
hold,82743,2,1,500
node,82987,1,1
hold,83231,2,1,500
node,83475,1,1
hold,83719,2,1,500
node,83963,1,1
hold,84207,2,1,500
node,84451,1,1
hold,84695,2,1,500
node,84939,1,1
hold,85182,2,1,500
node,85426,1,1
hold,85670,2,1,500
node,85914,1,1
hold,86158,2,1,500
node,86402,1,1
hold,86646,2,1,500
node,86890,1,1
hold,87134,2,1,500
node,87378,1,1
hold,87621,2,1,500
node,87865,1,1
hold,88109,2,1,500
node,88353,1,1
hold,88597,2,1,500
node,88841,1,1
hold,89085,2,1,500
node,89329,1,1
hold,89573,2,1,500
node,89817,1,1
hold,90060,2,1,500
node,90304,1,1
hold,90548,2,1,500
node,90792,1,1
hold,91036,2,1,500
node,91280,1,1
hold,91524,2,1,500
node,91768,1,1
hold,92012,2,1,500
node,92256,1,1
hold,92500,2,1,500
node,92743,1,1
hold,92987,2,1,500
node,93231,1,1
hold,93475,2,1,500
node,93719,1,1
hold,93963,2,1,500
node,94207,1,1
hold,94451,2,1,500
node,94695,1,1
hold,94939,2,1,500
node,95182,1,1
hold,95426,2,1,500
node,95670,1,1
hold,95914,2,1,500
node,96158,1,1
hold,96402,2,1,500
node,96646,1,1
hold,96890,2,1,500
node,97134,1,1
hold,97378,2,1,500
node,97621,1,1
hold,97865,2,1,500
node,98109,1,1
hold,98353,2,1,500
node,98597,1,1
hold,98841,2,1,500
node,99085,1,1
hold,99329,2,1,500
node,99573,1,1
hold,99817,2,1,500
node,100060,1,1
hold,100304,2,1,500
node,100548,1,1
hold,100792,2,1,500
node,101036,1,1
hold,101280,2,1,500
node,101524,1,1
hold,101768,2,1,500
node,102012,1,1
hold,102256,2,1,500
node,102500,1,1
hold,102743,2,1,500
node,102987,1,1
hold,103231,2,1,500
node,103475,1,1
hold,103719,2,1,500
node,103963,1,1
hold,104207,2,1,500
node,104451,1,1
hold,104695,2,1,500
node,104939,1,1
hold,105182,2,1,500
node,105426,1,1
hold,105670,2,1,500
node,105914,1,1
hold,106158,2,1,500
node,106402,1,1
hold,106646,2,1,500
node,106890,1,1
hold,107134,2,1,500
node,107378,1,1
hold,107621,2,1,500
node,107865,1,1
hold,108109,2,1,500
node,108353,1,1
hold,108597,2,1,500
node,108841,1,1
hold,109085,2,1,500
